import numpy as np
from collections import namedtuple
import sys
import os
import matplotlib.pyplot as plt
import math

# 将子目录添加到 sys.path
sys.path.append(os.path.abspath(os.path.join(os.path.dirname(__file__), 'irl_imitation_master')))
print("sys.path:", sys.path)

# 然后可以导入模块
# import mdp.gridworld3d as 
import maxent_irl
import mdp
import demo
import img_utils
from utils import *

dir = ['right', 'left', 'down', 'up', 'stay']
right, left, down, up, stay = 0, 1, 2, 3, 4
action = [(0, 1), (0, -1), (1, 0), (-1, 0), (0, 0)]
dir2 = ['stay', '']
y_distance, x_distance = 36, 36
terminals, START_POS = {}, [4, 4]
ACT_RAND, GAMMA, LEARN_RATE, N_ITERS, iter_err, RAND_START, step_len = 0, 0.95, 0.02, 20, 0.01, False, 20
Step = namedtuple('Step', 'cur_state action next_state reward done')

l_policy = [[0.19753544568020046, 0.19938696341457265, 0.2043036640760815, 0.19938696341457263, 0.19938696341457265],[0.19891088780483468, 0.20074013004046645, 0.2036007899482486, 0.19600806216598396, 0.20074013004046645],[0.19952355907577324, 0.1999471962009683, 0.2034352386452837, 0.19714680987700653, 0.1999471962009683],[0.19997066534251845, 0.199415540152148, 0.20521460503622746, 0.1959836493169581, 0.199415540152148],[0.19915939565655094, 0.20092156756665627, 0.2035994462968348, 0.1953980229133017, 0.20092156756665627],[0.20052135005286434, 0.19988671641932756, 0.2024304090416154, 0.197274808066865, 0.19988671641932756],[0.2006204947403869, 0.19958583044421138, 0.20312809526900652, 0.1970797491021838, 0.19958583044421138],[0.20095395640498442, 0.1996557344229196, 0.20353940107710447, 0.196195173672072, 0.1996557344229196],[0.20150656910390186, 0.19940144624731065, 0.20407657591232084, 0.195613962489156, 0.19940144624731065],[0.2015324317601526, 0.19937114515152016, 0.20489480974784186, 0.19483046818896524, 0.19937114515152016],[0.20092040747692955, 0.20034904640103313, 0.2033039350568686, 0.19507756466413553, 0.20034904640103313],[0.20091301988836208, 0.1998585220874143, 0.20239139189570418, 0.1969785440411052, 0.1998585220874143],[0.20249436677337104, 0.1996130439053591, 0.20115479799935745, 0.19712474741655328, 0.1996130439053591],[0.20346358195633235, 0.19824059707622174, 0.20334658209885265, 0.19670864179237166, 0.19824059707622174],[0.20297068509360977, 0.1990585445525858, 0.2048102700746675, 0.19410195572655128, 0.1990585445525858],[0.20241493319121964, 0.19985350788133116, 0.20351283880056975, 0.19436521224554837, 0.19985350788133116],[0.20350670658555223, 0.19952710342950564, 0.20147680255672298, 0.19596228399871346, 0.19952710342950564],[0.2035694817548262, 0.19873812259528678, 0.2021393156389755, 0.19681495741562466, 0.19873812259528678],[0.20588283057204398, 0.20045160715287788, 0.19611958232835114, 0.19709437279384906, 0.20045160715287788],[0.2036995199595267, 0.19891102575818528, 0.19514425044218037, 0.20333417808192236, 0.19891102575818528],[0.20458013957708293, 0.19887572807351306, 0.19490370474127522, 0.2027646995346157, 0.19887572807351306],[0.20378018638886797, 0.1986212621912663, 0.1962830721403292, 0.20269421708827018, 0.1986212621912663],[0.2034961481315854, 0.19919048528084982, 0.19655733000646983, 0.20156555130024525, 0.19919048528084982],[0.20275400190845907, 0.19921706386087346, 0.1969202864413194, 0.2018915839284746, 0.19921706386087346],[0.20262887660885692, 0.199760495921967, 0.1957553319264453, 0.2020947996207638, 0.199760495921967],[0.2029592148137655, 0.19923353968176272, 0.19519974521699776, 0.20337396060571142, 0.19923353968176272],[0.2030818460041063, 0.19857942133108922, 0.19703068644222366, 0.20272862489149168, 0.19857942133108922],[0.20242837928611393, 0.19997740668741026, 0.1960781136734425, 0.20153869366562296, 0.19997740668741026],[0.20162623498212107, 0.19946686094126034, 0.195938770061963, 0.20350127307339538, 0.19946686094126034],[0.20273020488073445, 0.19968907595018076, 0.1945855047552127, 0.20330613846369117, 0.19968907595018076],[0.20397388073515152, 0.1985919591974259, 0.19493334035745938, 0.20390886051253734, 0.1985919591974259],[0.20314244479022925, 0.19933936802174881, 0.1950968804614631, 0.20308193870481012, 0.19933936802174881],[0.2034807735760022, 0.19920981998811443, 0.19450286163534214, 0.20359672481242688, 0.19920981998811443],[0.20297556946246859, 0.19904912258565316, 0.19499621380811324, 0.20392997155811188, 0.19904912258565316],[0.20167129714051626, 0.1983156814370541, 0.19923662663607025, 0.20246071334930532, 0.1983156814370541],[0.20144267014883707, 0.19986688662208799, 0.19986688662208796, 0.19895666998489905, 0.19986688662208799],[0.20050710468988234, 0.20004624596149329, 0.2030848965224136, 0.19818087641310544, 0.19818087641310544],[0.201262054244489, 0.20118348702452934, 0.20364447623168946, 0.1945806643727243, 0.19932931812656787],[0.20179612091057972, 0.19979283961379055, 0.20386616618357922, 0.1951778741800961, 0.1993669991119544],[0.20256300672420802, 0.19919773512206176, 0.20309034350597419, 0.19540398067443926, 0.19974493397331666],[0.20079098672473342, 0.20067235283820048, 0.20405135401566296, 0.19560183940453338, 0.19888346701686968],[0.20058642518805345, 0.19987894493092273, 0.20347476873151982, 0.19554594024706706, 0.20051392090243697],[0.2006487445317449, 0.1988363280495971, 0.20368443834911149, 0.19696438795306873, 0.19986610111647782],[0.20175109556177626, 0.19834606682087666, 0.20435610464745055, 0.19590936496873246, 0.1996373680011641],[0.20093721057175962, 0.19816178301593412, 0.20498933547942258, 0.19566699292777517, 0.20024467800510845],[0.20086357085482015, 0.19836295809799004, 0.20437640803418067, 0.19591126489776353, 0.20048579811524564],[0.2006928319993435, 0.19947806746749894, 0.20350216258423393, 0.1962793097212504, 0.20004762822767322],[0.2019882733102695, 0.1984537623972148, 0.2039188847171577, 0.1961309513447156, 0.1995081282306425],[0.20359128946729646, 0.19707486967294793, 0.20377560925083574, 0.19564332402197265, 0.19991490758694722],[0.20395894249476423, 0.19521977527379744, 0.20404829932039711, 0.19650602724310476, 0.2002669556679364],[0.20339815456331936, 0.19612761044049176, 0.20431295545703104, 0.19623781110128527, 0.19992346843787273],[0.20309240739423545, 0.19711524794630372, 0.20476555356315207, 0.1953812529937604, 0.19964553810254845],[0.20393028348926284, 0.196641340266293, 0.2033112177501086, 0.1955995676664253, 0.20051759082791015],[0.2042097920168473, 0.19513417447361836, 0.20376406876553388, 0.1970749159072186, 0.19981704883678186],[0.20657980237371015, 0.19661632716646357, 0.19696192638695934, 0.19797981453288857, 0.20186212953997845],[0.2041451741815274, 0.1949546834977245, 0.19666203617363898, 0.20463393246227954, 0.19960417368482952],[0.20420731475268653, 0.19520972901485603, 0.19622515784226008, 0.20367865790363904, 0.20067914048655827],[0.2042585508382058, 0.19482953533342615, 0.19666764305406656, 0.20442549545020014, 0.19981877532410133],[0.20435210112448127, 0.1958029048069725, 0.1966297891446569, 0.20321918896722085, 0.1999960159566685],[0.2026464452772584, 0.19662020269478542, 0.1971344602952931, 0.20351736104615556, 0.20008153068650752],[0.2026278315163742, 0.19728203887635634, 0.1968881144096165, 0.20310359180260312, 0.20009842339504985],[0.20163417556446175, 0.19686547985022765, 0.1972005535230308, 0.20379893290753065, 0.2005008581547491],[0.20015434652257874, 0.1967030969029856, 0.19756363231075547, 0.2044856275723062, 0.2010932966913739],[0.20027967362154503, 0.19825949017956626, 0.1964624629467745, 0.20430848501586985, 0.20068988823624445],[0.20094199992621065, 0.19774664742311937, 0.1971915184167104, 0.2042393281756059, 0.1998805060583537],[0.20106321670521354, 0.19754930453352548, 0.1976103547066967, 0.2032530200002064, 0.20052410405435783],[0.20183042536014156, 0.19618459048568562, 0.19624163687698112, 0.20436813569920084, 0.2013752115779909],[0.202620523147627, 0.19616415228565334, 0.1960538906599441, 0.20525771104207938, 0.19990372286469632],[0.2022830567092136, 0.19658386825456078, 0.1956862243934958, 0.2046976223446774, 0.20074922829805233],[0.2026997487779487, 0.19627323683935757, 0.19551727183680465, 0.20539097373306348, 0.2001187688128256],[0.20329415108025817, 0.19573037722296743, 0.1982013476650217, 0.20374727324891603, 0.1990268507828366],[0.2014869617378064, 0.19825431403617402, 0.1998124928695635, 0.20063373848689264, 0.1998124928695635],[0.20255289290079154, 0.1965184086639925, 0.203311502437723, 0.19880859799874653, 0.19880859799874653],[0.2034335406018892, 0.19759440157431996, 0.20434077583255844, 0.19512426946256956, 0.19950701252866274],[0.2027708251058258, 0.19744750130878036, 0.20477188524119375, 0.1951644512190125, 0.19984533712518768],[0.20146171448889028, 0.19813572427049975, 0.2033257975144219, 0.1961762014284493, 0.20090056229773887],[0.2021673746818645, 0.1978309149388339, 0.20297575272201007, 0.19732334683422256, 0.19970261082306898],[0.20178192770828293, 0.19938047937457876, 0.2031316114962755, 0.1962531580033268, 0.19945282341753603],[0.203154297475652, 0.19823069102466986, 0.20419522556247913, 0.19540890389916019, 0.19901088203803882],[0.20261647945637387, 0.19822189514384045, 0.20355193150664128, 0.1953139799671757, 0.20029571392596857],[0.20206486550059546, 0.1986673787205338, 0.20374746403338054, 0.19616798386029066, 0.19935230788519948],[0.20350190770258597, 0.19886939373405887, 0.20339433008713653, 0.19498983965984248, 0.19924452881637617],[0.2027530209198384, 0.198503004920613, 0.20449576560745186, 0.19509986297358156, 0.1991483455785151],[0.20351620502831436, 0.19715776256874637, 0.20527383584656575, 0.1944417426295841, 0.19961045392678944],[0.20421200850005958, 0.19663893084861286, 0.20410750473531106, 0.19481372850458992, 0.20022782741142656],[0.20385334732249294, 0.19639498377619097, 0.20354370789805187, 0.1962202550675635, 0.1999877059357007],[0.2039571630950385, 0.19625304805739344, 0.20398419467846876, 0.1961682172667388, 0.19963737690236055],[0.2032109908140642, 0.19645528481484173, 0.20492493609513204, 0.19558740107498454, 0.19982138720097747],[0.20375036426977228, 0.19684823748008562, 0.2039426907249814, 0.19527966073558828, 0.20017904678957255],[0.20435989816031788, 0.19557715664805908, 0.2040582209642307, 0.1961665847495573, 0.19983813947783516],[0.2069192550248317, 0.19713641615738203, 0.19667498428418423, 0.19756126386040454, 0.20170808067319745],[0.2050075744709665, 0.19512671702565743, 0.19562976711978866, 0.20470390556494714, 0.1995320358186401],[0.2050688677496392, 0.19604072440201528, 0.1958826560210199, 0.20351188516308352, 0.1994958666642421],[0.2038748229117996, 0.19569644502890507, 0.19676681545497968, 0.2036748929961424, 0.19998702360817333],[0.20386555738068352, 0.19630903701860886, 0.19548370642940482, 0.20381922531483948, 0.20052247385646332],[0.20371746208985494, 0.19661061206656577, 0.19615060588499308, 0.2043818367851043, 0.19913948317348196],[0.2041766377766051, 0.19746448627031765, 0.19538435557806128, 0.20301306039457598, 0.19996145998044007],[0.2026435653148101, 0.19863835824827533, 0.19444427537201142, 0.20450742390718687, 0.1997663771577162],[0.2021882110199458, 0.19953120825659676, 0.19558190153656185, 0.20411108248856485, 0.19858759669833065],[0.2015588755952245, 0.1998468975212336, 0.1966680779775185, 0.20248701458098586, 0.19943913432503754],[0.20093621524759148, 0.19906589896551236, 0.19693807476624833, 0.2029471463603995, 0.20011266466024819],[0.19863670840165637, 0.1998730071556426, 0.19740696756369883, 0.20367218736599402, 0.20041112951300827],[0.19702412401639421, 0.20037768571547745, 0.19786304822779346, 0.20390475972110603, 0.2008303823192289],[0.1981693693738102, 0.19894397720399448, 0.19664160348044898, 0.20464418499174628, 0.20160086494999993],[0.19942301768192172, 0.19873377175585005, 0.1961685421731719, 0.2054184676749208, 0.20025620071413566],[0.19979582015090186, 0.19784867700649741, 0.19741673832799356, 0.20456618168253837, 0.20037258283206882],[0.19941849178102491, 0.19710773893141117, 0.1979418727390833, 0.20427384706154228, 0.20125804948693832],[0.1988525146318391, 0.19819036645834667, 0.19985897438379693, 0.2032391701422204, 0.19985897438379693],[0.19868228280023587, 0.19640078400665614, 0.20477214578937608, 0.20007239370186594, 0.20007239370186594],[0.19950575329359238, 0.19742888098979663, 0.20509572813478735, 0.19670818286852298, 0.20126145471330062],[0.1987169428512359, 0.19847835095353564, 0.20385224337927954, 0.19762177725478117, 0.20133068556116784],[0.19990020401439734, 0.1991303678293875, 0.20406590204050803, 0.19721224340273352, 0.19969128271297362],[0.20145722122382725, 0.19808518253176843, 0.20366028327311048, 0.19628250531512856, 0.2005148076561653],[0.2003897190542613, 0.1975532693489861, 0.20542010555564055, 0.19676740577345792, 0.1998695002676541],[0.2015321030976236, 0.19708378343182045, 0.20447279394640588, 0.1957988819118861, 0.20111243761226397],[0.20226596190170543, 0.1976261796288672, 0.2035567575599033, 0.19664242694530737, 0.19990867396421685],[0.20146035289046396, 0.1970129689180287, 0.20572047831816268, 0.1961070741305323, 0.1996991257428123],[0.2020713981924154, 0.19692865484153066, 0.20457915085150188, 0.19534015224836845, 0.20108064386618368],[0.2012057155769734, 0.19648828911388463, 0.20569249755287494, 0.1965911831985521, 0.2000223145577149],[0.20058970622262495, 0.1969037746757211, 0.20652509820468995, 0.19525520040091826, 0.20072622049604583],[0.20063528799699892, 0.19736112911556244, 0.2050327587970406, 0.19572123010240897, 0.201249593987989],[0.20167033783811827, 0.19666721769385703, 0.20445723627649495, 0.19676623384253578, 0.20043897434899388],[0.20268440450965064, 0.19631213377432605, 0.20389899212921334, 0.19660495260328112, 0.2004995169835288],[0.20408820746618114, 0.1960082509106991, 0.2046088132772695, 0.19598258679931943, 0.19931214154653087],[0.2044481646662482, 0.19636383976769647, 0.20457696090212804, 0.19475483818471578, 0.19985619647921135],[0.20465789370421603, 0.19547468671496487, 0.20471342552484614, 0.1952926728063773, 0.19986132124959569],[0.20705214148035134, 0.19683716859316164, 0.1971223032968685, 0.1971231900281259, 0.20186519660149282],[0.2044460035168175, 0.1946797488771597, 0.19613388324453535, 0.20479770277712203, 0.19994266158436547],[0.2036131606748735, 0.1953974667082195, 0.19558543413453977, 0.20465865904730396, 0.20074527943506337],[0.2034701995511013, 0.19587741986382803, 0.1959216936237261, 0.20504987727523522, 0.1996808096861093],[0.20336681630808104, 0.19672224213293885, 0.1960988470882163, 0.2038262330647701, 0.19998586140599373],[0.20276883934687195, 0.19581573560321985, 0.19691830294909077, 0.20425241154949697, 0.20024471055132037],[0.2027930534801351, 0.19683918875824732, 0.19509145445355644, 0.20434298324018446, 0.20093332006787668],[0.20170998674949497, 0.19707214590477604, 0.1952431906859423, 0.20606231622079196, 0.19991236043899457],[0.20191283829773424, 0.19678052141712835, 0.19588401624865298, 0.2051153958182724, 0.20030722821821195],[0.2014640735155167, 0.19792921851901837, 0.1959729767439295, 0.2045952217427653, 0.2000385094787702],[0.20046117902506502, 0.19965304761976338, 0.19473888367760409, 0.20466824143808304, 0.20047864823948455],[0.19970001477450217, 0.20119637087473363, 0.19432798353114336, 0.2053919216032229, 0.19938370921639784],[0.2002083368980287, 0.20222139267119918, 0.19574224893965994, 0.20351296526879867, 0.19831505622231355],[0.19949335050946967, 0.20267843665709984, 0.19682964501306055, 0.20180471776356826, 0.19919385005680162],[0.19994701912834503, 0.20097863420977916, 0.19636601998715017, 0.20255620326116222, 0.20015212341356345],[0.19975439875531972, 0.20056104975128475, 0.19579786838422866, 0.20390292312626498, 0.19998375998290188],[0.19883087538254826, 0.20123099698375452, 0.19688217506681896, 0.20368385414886503, 0.19937209841801343],[0.19737926691730467, 0.20078246825799922, 0.19977334126781948, 0.2022915822890571, 0.19977334126781948],[0.19982944225525853, 0.20001577862159906, 0.20290592696075097, 0.19862442608119565, 0.19862442608119565],[0.20185457048742328, 0.2011655316289695, 0.2022965214363628, 0.1952716953405492, 0.1994116811066953],[0.20142339571287574, 0.2009908105052644, 0.20377645864291702, 0.19548158294157852, 0.19832775219736434],[0.20180413099157424, 0.1994214799397607, 0.20478086156875513, 0.19436270992634463, 0.19963081757356543],[0.20274292736454863, 0.19916956931639507, 0.20280230821422146, 0.1951835345925466, 0.2001016605122883],[0.2039117916430759, 0.19794987794385754, 0.20387280554835605, 0.19580116673732886, 0.19846435812738153],[0.20329980849925638, 0.19882846015716613, 0.20460018235886698, 0.19402442738316816, 0.19924712160154232],[0.20308897994998545, 0.19801570905885865, 0.20335605161289586, 0.19520807755431352, 0.20033118182394646],[0.2029148222347284, 0.19741954879264426, 0.204345614366698, 0.19617279283560507, 0.19914722177032432],[0.2026634592849871, 0.19893039054443004, 0.2035793842819188, 0.1949174448873032, 0.19990932100136094],[0.20212068543670572, 0.1984250009644596, 0.20385836384617284, 0.19600795420529715, 0.1995879955473647],[0.20157214011608043, 0.19943624551561728, 0.2045463464460335, 0.19514436046526723, 0.19930090745700155],[0.2003563266669821, 0.20021798537847832, 0.20529850118403567, 0.19452702979508443, 0.19960015697541936],[0.20032819599245863, 0.19911283282671324, 0.20535761040903636, 0.19486261546872702, 0.20033874530306467],[0.19995709644382315, 0.1980782621218236, 0.20632235659492462, 0.19538751576035052, 0.20025476907907816],[0.1989627531578661, 0.19692535908568687, 0.20675749486105394, 0.1957632124310766, 0.20159118046431662],[0.19763808976412034, 0.1972243305730204, 0.20668838872156106, 0.19673395755332326, 0.20171523338797495],[0.19688306680754417, 0.19715348902925223, 0.20708799483574533, 0.19703160312339646, 0.20184384620406184],[0.19837962440715412, 0.19926632731676203, 0.19893954173592168, 0.19921470768134678, 0.20419979885881548],[0.197441017894193, 0.1972944697111624, 0.19629699267283698, 0.2072585578587308, 0.20170896186307688],[0.1970893894876449, 0.19828055391262395, 0.19677805370189747, 0.20673307641777536, 0.20111892648005839],[0.19661777885590673, 0.197984365217947, 0.19754421322724816, 0.2061603132127664, 0.20169332948613167],[0.19710621156723498, 0.19834302895419936, 0.19692381585842408, 0.2059492092664925, 0.201677734353649],[0.19687010256652462, 0.19867515908267414, 0.19717665908874646, 0.20610146771713372, 0.20117661154492106],[0.19669708352927348, 0.19990060831555684, 0.19579066444409898, 0.20586225532238842, 0.20174938838868225],[0.19732345456501954, 0.19898398432136682, 0.19589909314268797, 0.20702635671612, 0.20076711125480567],[0.19864044310135817, 0.1990450642715895, 0.19603252589721148, 0.20564548946450836, 0.20063647726533235],[0.19964675911153973, 0.19920551027382602, 0.19514905856322212, 0.2053766881936056, 0.20062198385780666],[0.2005791235118633, 0.19980410985815608, 0.19434410333628035, 0.20548609466187617, 0.1997865686318241],[0.20035195945980788, 0.19914181855083557, 0.19593926049055793, 0.2051099863655108, 0.19945697513328786],[0.20114348376581298, 0.1984443824508907, 0.19619318485381906, 0.20390329295569526, 0.200315655973782],[0.20085366549198472, 0.19921834652867013, 0.19664428641221496, 0.20376490297689706, 0.19951879859023314],[0.19897471933291067, 0.20063440972666247, 0.19660486250220785, 0.2033578222369942, 0.20042818620122488],[0.19877566470599187, 0.2006157094319335, 0.195886538495437, 0.2043366084031535, 0.2003854789634841],[0.20046332264954453, 0.2002172083137588, 0.1953257840714613, 0.2043215270725547, 0.19967215789268059],[0.20105532793000686, 0.20045358403808147, 0.19801499981704818, 0.2024610883978153, 0.19801499981704818],[0.2016327842648707, 0.19729406153662074, 0.20408204673081332, 0.1984955537338476, 0.1984955537338476],[0.20117450724531066, 0.19834420509388073, 0.2043207215196024, 0.19539214178071168, 0.2007684243604945],[0.20199260857628437, 0.19696028321873363, 0.20451568969187361, 0.19653225125879836, 0.19999916725431002],[0.2001818456480162, 0.1980209783503791, 0.2058559359210736, 0.19576916072110093, 0.20017207935943013],[0.19924208574374494, 0.1981864986273418, 0.20639954799636456, 0.19534784244817804, 0.20082402518437062],[0.1979618303793065, 0.19686229060571495, 0.20620802953477566, 0.1968053155550474, 0.2021625339251555],[0.1975643100795033, 0.19759977489231223, 0.20564174006387226, 0.1976365411123759, 0.20155763385193623],[0.19730783723337844, 0.19860107883767655, 0.20539043057502013, 0.19736872950929954, 0.20133192384462537],[0.19783784023601486, 0.19770674630509572, 0.20560850714481602, 0.19744949059242803, 0.20139741572164538],[0.19763712163443645, 0.19870436034656058, 0.2048878743748369, 0.19734859101601918, 0.2014220526281469],[0.19764395219382833, 0.19855318524615023, 0.20507709132258087, 0.19767053533288861, 0.20105523590455188],[0.19733874923536104, 0.19903665754779093, 0.20497953005340824, 0.1973689844721443, 0.2012760786912956],[0.19736235270351965, 0.19977188716738914, 0.20543225439681354, 0.19690903863165185, 0.20052446710062594],[0.19559502892192693, 0.201113290992393, 0.2058365579238963, 0.1963524058837817, 0.201102716278002],[0.19644749972515768, 0.20134639543632832, 0.20465764562253808, 0.1964979633790369, 0.20105049583693907],[0.19646430950361238, 0.20284371808019544, 0.20378559157433546, 0.19670273836206445, 0.2002036424797924],[0.19549846016862998, 0.2041121033032062, 0.2039559778735745, 0.19646815011416363, 0.19996530854042563],[0.19472261705931, 0.20506502599510468, 0.20416331588121586, 0.1960759774215722, 0.19997306364279727],[0.19538050252035516, 0.20774600446271033, 0.19786389418408465, 0.19744429082947224, 0.2015653080033777],[0.1958743918905515, 0.20463464082965305, 0.195168869488077, 0.2040331626157173, 0.200288935176001],[0.19689451492008467, 0.2038699622944231, 0.19439901410655183, 0.205082042424523, 0.1997544662544174],[0.19743573558367347, 0.20407328691710763, 0.19523641420607052, 0.2044028872930451, 0.19885167600010317],[0.19696551518792405, 0.20446272098098559, 0.1953171045598628, 0.2034838492469696, 0.19977081002425787],[0.19675331642284433, 0.20414411380864916, 0.19502626890978061, 0.2043373986772908, 0.19973890218143517],[0.19759275460627582, 0.20436226723528322, 0.19484866430083664, 0.20403761942583712, 0.19915869443176729],[0.1979987409543106, 0.20284648986622358, 0.1959761691745218, 0.20380735770612224, 0.19937124229882186],[0.19674605390955843, 0.20234147125259083, 0.19676285346002312, 0.2038151073664859, 0.20033451401134172],[0.1969639553898572, 0.20150843149398012, 0.19679043240901123, 0.20420524029670897, 0.2005319404104425],[0.1982022586228586, 0.20022745073390857, 0.19568614506211793, 0.20487097564725726, 0.20101316993385754],[0.1989740311818197, 0.19909519151430474, 0.19640076395293457, 0.20554367191931194, 0.19998634143162902],[0.1979961589281911, 0.19987783853348215, 0.19706185228253997, 0.20436155485029286, 0.20070259540549387],[0.1990874034379765, 0.19969738464917103, 0.19541678941552304, 0.20477238972750628, 0.20102603276982328],[0.19971706776642623, 0.20071908959960916, 0.19523440757089025, 0.20509179984176792, 0.1992376352213065],[0.20075969504038585, 0.20053730537488967, 0.19678483361821544, 0.20299890990323766, 0.19891925606327138],[0.19989388182188905, 0.19943495900002534, 0.19808153326795203, 0.2023754810353591, 0.20021414487477443],[0.197755799227476, 0.19778185792899552, 0.20076337213797713, 0.2029355985675744, 0.20076337213797713],[0.19789556364955396, 0.19753355838974757, 0.20338904218595905, 0.20059091788736969, 0.20059091788736969],[0.19794733556741823, 0.19960094670800738, 0.20520355351971983, 0.19724057028626382, 0.20000759391859074],[0.19849925484639425, 0.1995272780563753, 0.20397802763334566, 0.19650809771237684, 0.20148734175150787],[0.19901819886554833, 0.1998513308907871, 0.20385366222050147, 0.1974158065120471, 0.199861001511116],[0.1979824972455982, 0.2019591101514435, 0.203157371150939, 0.1965167780967965, 0.20038424335522295],[0.197325795930916, 0.20350522304093513, 0.20342940239407156, 0.19650822328582832, 0.199231355348249],[0.1971275084767219, 0.2037910723160882, 0.20372705620587464, 0.19563718669724967, 0.19971717630406546],[0.195648169474433, 0.2040251577918555, 0.2044343333778469, 0.19599154339529334, 0.1999007959605714],[0.19641730774845298, 0.20372745719588317, 0.2040311924557594, 0.1957212720637179, 0.20010277053618664],[0.19704778367745454, 0.20363162543115793, 0.20360381546111234, 0.19595207951597787, 0.19976469591429735],[0.1959747128818165, 0.20368494547999128, 0.2036532571341713, 0.19647535240543715, 0.20021173209858373],[0.19577189432052614, 0.20379890944211299, 0.20427513651758067, 0.1963931823724313, 0.1997608773473489],[0.1965451574129291, 0.20375699446677242, 0.20296288895251227, 0.19618704034888151, 0.2005479188189047],[0.1952472736895645, 0.2046480023408009, 0.20459369167862151, 0.1965635569813335, 0.19894747530967968],[0.19516560043500727, 0.20501561366816223, 0.2047610883634653, 0.19481110003004745, 0.20024659750331758],[0.1951235483538069, 0.20449385964110306, 0.20346952537802673, 0.19627575590006824, 0.20063731072699514],[0.1945917897487419, 0.20472047557048895, 0.20328419386318353, 0.19731243274331847, 0.2000911080742672],[0.19441579428354866, 0.20545876390367435, 0.2032738861517662, 0.1968594572056758, 0.19999209845533508],[0.19605650401330885, 0.20712091200262606, 0.1987109645925566, 0.19743965985735387, 0.2006719595341546],[0.19482739653348835, 0.2051224507795238, 0.1969762560059645, 0.20252171668416608, 0.20055217999685734],[0.19506477679492482, 0.20348261602194423, 0.1966487584902649, 0.2042290084267723, 0.20057484026609382],[0.19619431913581023, 0.20226179334320282, 0.1958346858627129, 0.204881291304034, 0.20082791035424],[0.19597577842441904, 0.20302836441014377, 0.19549929325007873, 0.2053436854351553, 0.2001528784802032],[0.19637366050056596, 0.20282723492990268, 0.19645793235634695, 0.20456863411846707, 0.19977253809471732],[0.19683379713984736, 0.20215972139429372, 0.1964628923271709, 0.20396459908779044, 0.2005789900508976],[0.1964977052477022, 0.20225900186712262, 0.1952493632219404, 0.20513017543708745, 0.20086375422614736],[0.19585866577230718, 0.20324824357327625, 0.19596391625927526, 0.2053934452257238, 0.19953572916941745],[0.1965893559265252, 0.20342238831944653, 0.19680932955041924, 0.20340472234346807, 0.19977420386014108],[0.19656742226195562, 0.20311905971612063, 0.19674107904519975, 0.20330026620742844, 0.20027217276929563],[0.19602757000036258, 0.20215356107895413, 0.19589335368805713, 0.20478791136674487, 0.2011376038658812],[0.19609833242186261, 0.20240974551832971, 0.19675483324560925, 0.20509755784468228, 0.19963953096951603],[0.1966752953140722, 0.20237375611536468, 0.19718755089474196, 0.20334194943537054, 0.20042144824045066],[0.1958454373585867, 0.20051417733832003, 0.1983327165349711, 0.20431750761596348, 0.2009901611521587],[0.1983456258610837, 0.1994325040266625, 0.1970026250630416, 0.20396193644801117, 0.20125730860120092],[0.19750893043982046, 0.2009733191780669, 0.1958084576615615, 0.20506124496546616, 0.20064804775508496],[0.1970602543749458, 0.20180448374635337, 0.1987182375520783, 0.2036987867745442, 0.1987182375520783],[0.20105392447717557, 0.20091854273985313, 0.2016412145864347, 0.19819315909826823, 0.19819315909826823],[0.20087274971648142, 0.20114263866048465, 0.2032313740957967, 0.19568168056088509, 0.19907155696635212],[0.19965171617029395, 0.20220918481720798, 0.20387654885983744, 0.19510582076865696, 0.1991567293840036],[0.19876085604621455, 0.20148915375216625, 0.20300525413924614, 0.19610001901468027, 0.20064471704769266],[0.19884651698334124, 0.2018759078666388, 0.2027214255982451, 0.19711930055817203, 0.19943684899360287],[0.19844481566906977, 0.20177004999673528, 0.20332354977070283, 0.19662201496741413, 0.199839569596078],[0.19976076595392814, 0.20230408308860817, 0.20194777206133593, 0.19630309727758152, 0.1996842816185463],[0.19965355784707986, 0.20264372837438296, 0.20338285647960377, 0.19604059287418046, 0.1982792644247528],[0.19861473773937, 0.20318822826966218, 0.20434988016885142, 0.19445102494623837, 0.19939612887587826],[0.19835380193373187, 0.20311306075867272, 0.20258968067058492, 0.19559470775978643, 0.20034874887722412],[0.19835060177851035, 0.2033090281727625, 0.20265526263779293, 0.19673893916202914, 0.1989461682489052],[0.19808161037253946, 0.20333721000956798, 0.2037178585759521, 0.19562200651897121, 0.19924131452296917],[0.19750803324920285, 0.20411772817127655, 0.2027421404647388, 0.19564368699518278, 0.19998841111959903],[0.1982284071595645, 0.2029092712293597, 0.20328506912040642, 0.19644409244629288, 0.19913316004437648],[0.19721454328093121, 0.20465176354165115, 0.20341617188167888, 0.19532987744505784, 0.1993876438506809],[0.19675297524811514, 0.2054028939999466, 0.2025023215444383, 0.1957062059700425, 0.19963560323745733],[0.19527544909301905, 0.2054064358415517, 0.2028043319247131, 0.1968523769150781, 0.19966140622563813],[0.19598418792679054, 0.20503415820578083, 0.2035743780100498, 0.19616959232978692, 0.19923768352759197],[0.19676098001693118, 0.20621437846475124, 0.1983281430713776, 0.197233301850148, 0.20146319659679193],[0.19482219138626983, 0.20583591840016233, 0.1964509692782787, 0.2030459454233397, 0.19984497551194952],[0.1963231178454476, 0.205134611170936, 0.19633343721084032, 0.20283773003310956, 0.19937110373966632],[0.1961826255105958, 0.20490651697738144, 0.1955835525142257, 0.20321462168172327, 0.20011268331607387],[0.19525055333106667, 0.20420567194614764, 0.1960387293060072, 0.2045896671449191, 0.19991537827185946],[0.19545998652892177, 0.20366430051586815, 0.19652199353463373, 0.2041667063279964, 0.2001870130925799],[0.19694476641466332, 0.20388700734095314, 0.19533047104177984, 0.20379857147197103, 0.2000391837306328],[0.19633713464058086, 0.2042946859928972, 0.1948804481966284, 0.2046907274907844, 0.1997970036791092],[0.19739281559203972, 0.20297081585260301, 0.19612069324116188, 0.20430141835875376, 0.19921425695544173],[0.19642357707071198, 0.20342346742999856, 0.19667556099831007, 0.20331396152167458, 0.20016343297930472],[0.19635201523895812, 0.2041111370158043, 0.1953684593527761, 0.20387935633335405, 0.20028903205910745],[0.1969609116499888, 0.20436937788908546, 0.19541108909513494, 0.2041833902188046, 0.19907523114698622],[0.19674690087682933, 0.2033550367298362, 0.19665101862947137, 0.20349725058226006, 0.19974979318160305],[0.1954660888355053, 0.20439977906826223, 0.19589197523003732, 0.2037130395083597, 0.2005291173578355],[0.1956055260011762, 0.20399936210872663, 0.19827743062507305, 0.2034528581370028, 0.19866482312802128],[0.1984816761043373, 0.2036235495262903, 0.19619847120541983, 0.20104203323876044, 0.20065426992519209],[0.19896804659675224, 0.20234110395330368, 0.19578363669743176, 0.20375720763445063, 0.19915000511806158],[0.1972857192078541, 0.20107313473903177, 0.19940213622145334, 0.2028368736102076, 0.19940213622145334],[0.20008682103400924, 0.1972731390843937, 0.2024663978135785, 0.2000868210340092, 0.20008682103400924],[0.20025900224075777, 0.19848228027927245, 0.2030869714902628, 0.1979127437489492, 0.20025900224075777],[0.20020154326604525, 0.19971178094300787, 0.20244598169496633, 0.19743915082993524, 0.20020154326604525],[0.19932214845380825, 0.20123221338286335, 0.20301593897599643, 0.1971075507335238, 0.19932214845380825],[0.20010744654387638, 0.2006998702757394, 0.20256723335335405, 0.1965180032831537, 0.20010744654387638],[0.19919813937296021, 0.20061339958055902, 0.20422857108127065, 0.19676175059224987, 0.19919813937296021],[0.2002641217315926, 0.20018708967766274, 0.2038662695155709, 0.19541839734358102, 0.2002641217315926],[0.20039364350897393, 0.19903353761444448, 0.20328633359699239, 0.19689284177061528, 0.20039364350897393],[0.19967864422772388, 0.20046056773903118, 0.20333752612849137, 0.19684461767702977, 0.19967864422772388],[0.199570043813601, 0.20159570779911057, 0.2032571736399553, 0.19600703093373217, 0.199570043813601],[0.19997288141644082, 0.20057041152767255, 0.20309934300960583, 0.19638448262984004, 0.19997288141644082],[0.19975908606942996, 0.20092362773955644, 0.20285255145909822, 0.19670564866248536, 0.19975908606942996],[0.19922849114857186, 0.2017477057575458, 0.20360353625672542, 0.19619177568858515, 0.19922849114857186],[0.20009416923548867, 0.20100335103572653, 0.20294118207034526, 0.1958671284229509, 0.20009416923548867],[0.19946653129100841, 0.20165346269245654, 0.20273347014879017, 0.1966800045767365, 0.19946653129100841],[0.1998005677352069, 0.20270537723714785, 0.20108368057815978, 0.19660980671427855, 0.1998005677352069],[0.1985034178213194, 0.20297824726150274, 0.20278447214931095, 0.1972304449465476, 0.1985034178213194],[0.1996095495979241, 0.2029063254646975, 0.20241563627913878, 0.19545893906031556, 0.1996095495979241],[0.20027810718926475, 0.20511785116945497, 0.19682787579223393, 0.19749805865978165, 0.20027810718926475],[0.19854438072459207, 0.2037003479172913, 0.19715308458565128, 0.20205780604787318, 0.19854438072459207],[0.1998798207332839, 0.20296300894703653, 0.1959971826344626, 0.2012801669519331, 0.1998798207332839],[0.19944199038765473, 0.20345769187289056, 0.1942114028217571, 0.20344692453004282, 0.19944199038765473],[0.1987335782476497, 0.20355105151081748, 0.19479223535197576, 0.20418955664190727, 0.1987335782476497],[0.19861926907459967, 0.20349711948583923, 0.1966021657240151, 0.20266217664094632, 0.19861926907459967],[0.19996818175356734, 0.20312146296757852, 0.19493078480322126, 0.20201138872206556, 0.19996818175356734],[0.19889933680918226, 0.2024382350560821, 0.19560881123634338, 0.20415428008920994, 0.19889933680918226],[0.19995850200625745, 0.2017952678771884, 0.19497254538561243, 0.20331518272468435, 0.19995850200625745],[0.19892686613453378, 0.2027839645133979, 0.19524217680731162, 0.20412012641022292, 0.19892686613453378],[0.1990589779595854, 0.2030908496818629, 0.1959659797898823, 0.2028252146090839, 0.1990589779595854],[0.19984592188396863, 0.2019786588282525, 0.19532089251931542, 0.20300860488449496, 0.19984592188396863],[0.1994733674584371, 0.2025532531893624, 0.19432105563284405, 0.20417895626091936, 0.1994733674584371],[0.19840935044056515, 0.20364735034177586, 0.1957846769424427, 0.2037492718346511, 0.19840935044056515],[0.19874938602011633, 0.20184473592030297, 0.19925668312442169, 0.20139980891504267, 0.19874938602011633],[0.2001592092771563, 0.2023527119195809, 0.1976763585186336, 0.19965251100747286, 0.2001592092771563],[0.2005056875356384, 0.20068724691346285, 0.1952585236858196, 0.2030428543294406, 0.2005056875356384],[0.19847191482159293, 0.20063316927457686, 0.1984719148215929, 0.20395108626064448, 0.19847191482159293]]
l_policy_2 = [0,2,0,2,2,2,2,2,2,2,2,2,2,2,0,0,0,0,0,0,0,0,0,3,3,3,3,3,3,3,3,3,3,3,3,0,0,2,2,0,0,0,2,2,2,2,2,0,0,0,0,0,0,0,0,0,0,0,0,3,0,0,3,3,3,3,0,3,3,3,0,0,0,0,2,0,2,2,2,2,0,0,2,0,2,2,0,0,0,0,0,0,0,0,0,0,0,3,3,0,3,3,0,3,3,3,0,0,0,0,2,0,0,2,2,0,2,2,2,0,2,0,2,0,0,0,0,0,0,0,0,0,0,3,0,0,3,3,3,3,3,0,0,0,0,0,2,0,0,0,2,0,0,0,0,0,2,0,0,0,0,0,0,0,0,0,0,0,3,3,3,0,3,3,0,0,3,0,0,0,0,2,2,2,0,0,2,2,2,2,2,2,0,2,0,0,0,0,0,0,0,0,0,0,0,0,0,0,3,3,0,0,0,0,0,0,0,2,2,2,2,0,0,0,0,0,2,2,0,2,0,0,0,0,0,0,0,0,3,0,3,3,3,3,3,3,0,3,0,0,0,0,0,2,2,2,2,2,2,2,2,0,2,2,0,2,0,0,0,0,0,0,0,0,0,0,0,0,0,3,3,3,3,3,0,3,0,0,0,0,2,0,2,2,2,2,2,0,2,0,0,2,0,0,0,0,0,0,0,0,0,3,0,0,3,3,0,3,3,3,0,3,0,0,0,0,0,2,2,2,2,2,2,2,2,0,0,2,2,0,0,0,0,0,0,0,0,0,0,0,0,0,0,3,0,0,0,0,0,0,2,0,0,0,0,2,0,2,2,2,2,2,0,0,0,0,0,0,0,0,0,0,0,0,0,3,3,3,3,0,3,0,0,0,0,0,2,2,2,2,2,2,0,2,0,0,2,2,2,0,0,0,0,0,0,0,0,0,0,3,0,3,3,0,0,0,3,0,0,0,3,3,0,2,2,0,2,2,0,2,2,2,2,2,2,0,2,0,0,0,0,0,0,0,0,0,0,0,0,0,3,0,3,3,0,0,3,0,0,2,2,0,2,2,2,2,0,2,2,2,2,0,2,2,0,0,0,0,0,3,0,0,0,0,3,3,0,0,3,0,3,0,3,0,0,2,2,2,2,0,2,2,2,2,2,2,2,0,2,0,0,0,0,0,0,3,0,3,3,3,3,3,3,3,3,3,3,0,3,0,0,2,0,2,2,0,0,0,2,2,2,2,2,0,2,0,0,0,0,0,3,3,3,3,0,0,3,0,0,3,0,3,3,3,3,3,2,2,2,2,2,2,2,2,2,2,2,2,2,2,2,2,0,0,0,0,0,3,3,3,3,3,3,3,3,3,3,3,3,3,3,3,2,2,2,2,2,2,2,2,2,2,2,2,2,2,2,2,2,0,0,3,3,3,3,3,3,3,3,3,3,3,3,3,3,3,3,3,2,2,2,2,2,2,2,2,2,2,2,2,2,2,2,2,2,2,4,3,3,3,3,3,3,3,3,3,3,3,3,3,3,3,3,3,2,2,2,2,2,2,2,2,2,2,2,2,2,2,2,2,2,2,1,3,3,3,3,3,3,3,3,3,3,3,3,3,3,3,3,3,2,2,2,2,2,2,2,2,2,2,2,2,2,2,2,1,1,1,1,1,1,3,1,3,3,3,3,3,3,3,3,3,3,3,3,3,1,2,1,2,1,1,2,1,2,1,1,1,2,2,2,1,1,1,1,1,1,3,3,3,3,3,3,3,3,1,3,3,1,3,3,1,2,2,2,2,1,2,2,2,2,2,2,2,2,2,2,1,1,1,1,1,1,1,1,3,3,3,1,1,3,1,3,3,1,1,3,1,1,1,1,1,1,2,2,2,2,2,1,1,2,1,1,1,1,1,1,1,3,3,1,3,3,1,3,1,3,1,1,3,3,1,1,1,1,1,2,2,2,2,2,2,2,2,2,2,2,1,2,1,1,1,1,1,1,3,1,1,1,1,3,3,3,3,3,3,3,3,3,1,1,2,2,2,2,1,2,1,1,1,1,1,2,1,1,2,1,1,1,1,1,3,1,1,1,1,1,1,3,1,3,3,1,3,1,1,1,1,1,1,1,1,2,1,1,1,2,2,2,1,1,1,1,1,1,1,1,1,1,3,3,1,1,1,1,1,1,1,1,3,1,1,1,1,1,2,1,1,1,1,2,1,2,2,2,1,2,1,1,1,1,1,1,1,1,3,3,1,1,3,3,3,3,1,1,3,1,1,2,1,2,1,1,2,2,2,2,2,2,2,1,1,1,1,1,1,1,1,1,3,1,3,3,3,1,3,1,1,3,3,3,3,3,1,1,1,2,1,1,1,2,2,1,1,1,1,1,1,1,1,1,1,1,1,1,1,1,1,1,3,1,1,3,3,3,1,3,1,1,1,1,1,2,2,2,2,2,1,1,1,2,1,1,1,1,1,1,1,1,1,1,1,1,1,1,3,3,3,1,1,3,3,3,3,3,1,1,1,2,2,2,1,1,1,2,2,2,1,1,2,1,1,1,1,1,1,1,1,1,1,1,3,3,1,3,3,1,1,1,3,3,1,1,1,2,1,2,2,2,1,2,1,1,2,2,1,1,1,1,1,1,1,1,1,1,3,1,3,3,1,1,3,3,1,1,1,3,1,1,1,1,2,2,1,2,2,2,2,2,2,1,1,1,1,1,1,1,1,1,3,1,1,1,1,1,1,3,1,3,1,1,1,1,1,2,2,2,2,2,2,2,2,2,2,1,1,1,2,1,1,1,1,1,1,1,1,1,1,1,1,1,1,3,1,3,1,1,1,1,1,1,2,2,2,2,2,2,2,2,2,2,1,2,1,1,1,1,1,1,1,1,1,1,3,3,3,3,3,3,3,3,1,3,3,3,3]
print("len policy", len(l_policy))
policy = np.array(l_policy)
policy2 = np.array(l_policy_2)
